
# Principal Components Analysis and Factor Analysis

SERGIO M. FOCARDL, PhD

Partner, The Intertek Group

FRANK I. FABOZZI, PhD, CFA, CPA

Professor of Finance, EDHEC Business School

Abstract: In investment management, multifactor risk modeling is the most common application of financial modeling. Multifactor risk models, or simply factor models, are linear regressions over a number of variables called factors. Factors can be exogenous variables or abstract variables formed by portfolios. Exogenous factors (or known factors) can be identified from traditional fundamental analysis or economic theory from macroeconomic factors. Abstract factors, also called unidentified or latent factors, can be determined with factor analysis or principal component analysis. Principal component analysis identifies the largest eigenvalues of the variance-covariance matrix or the correlation matrix. The largest eigenvalues correspond to eigenvectors that identify the entire market and sectors that correspond to industry classification. Factor analysis can be used to identify the structure of the latent factors.

Principal component analysis (PCA) and factor analysis are statistical tools that allow a modeler to (1) reduce the number of variables in a model (i.e., to reduce the dimensionality), and (2) identify if there is structure in the relationships between variables (i.e., to classify variables). In this entry, we explain PCA and factor analysis. We illustrate and compare both techniques using a sample of stocks. Because of its use in the estimation of factor models, we begin with a brief discussion of factor models.

# FACTOR MODELS

Factor models are statistical models that try to explain complex phenomena through a small number of basic causes or factors. Factor models serve two main purposes: (1) They reduce the dimensionality of models to make estimation possible; and/or (2) they find the true causes that drive data. Factor models were introduced by Charles Spearman (1904), a leading psychologist who developed many concepts of modern psychometrics.

Spearman was particularly interested in understanding how to measure human intellectual abilities. In his endeavor to do so, he developed the first factor model, known as the Spearman model, a model that explains intellectual abilities through one common factor, the famous "general intelligence"  $g$  factor, plus another factor  $s$ , which is specific to each distinct ability. Spearman was persuaded that the factor  $g$  had an overwhelming importance. That is, he thought that any mental ability can be explained quantitatively through a common intelligence factor. According to this theory, outstanding achievements of, say, a painter, a novelist, and a scientist can all be ascribed to a common general intelligence factor plus a small contribution from specific factors.

Some 30 years later, Louis Leon Thurstone (1938) developed the first true multifactor model of intelligence. Thurstone was among the first to propose and demonstrate that there are numerous ways in which a person can be intelligent. Thurstone's multiple-factors theory identified seven primary mental abilities.

One might question whether factors are only statistical artifacts or if they actually correspond to any reality. In the modern operational interpretation of science, a classification or a factor is "real" if we can make useful predictions using that classification. For example, if the Spearman theory is correct, we can predict that a highly intelligent person can obtain outstanding results in any field. Thus, a novelist could have obtained outstanding results in science. However, if many distinct mental factors are needed, people might be able to achieve great results in some field but be unable to excel in others.
In finance, factor models are typically applied to time series. The objective is to explain the behavior of a large number of stochastic processes, typically price, returns, or rate processes, in terms of a small number of factors. These factors are themselves stochastic processes. In order to simplify both modeling and estimation, most factor models employed in financial econometrics are static models. This means that time series are assumed to be sequences of temporally independent and identically distributed (IID) random variables so that the series can be thought of as independent samples extracted from one common distribution.

In financial econometrics, factor models are needed not only to explain data but to make estimation feasible. Given the large number of stocks presently available—in excess of 15,000—the estimation of correlations cannot be performed without simplifications. Widely used ensembles such as the S&P 500 or the MSCI Europe include hundreds of stocks and therefore hundreds of thousands of individual correlations. Available samples are insufficient to estimate this large number of correlations. Hence factor models are able to explain all pairwise correlations in terms of a much smaller number of correlations between factors.

# Linear Factor Models Equations

Linear factor models are regression models of the following type:

$$
X _ {i} = \alpha_ {i} + \sum_ {j = 1} ^ {K} \beta_ {i j} f _ {j} + \varepsilon_ {i}
$$ where


$X_{i} = a$  set of  $N$  random variables

$f_{j} = a$  set of  $K$  common factors

$\varepsilon_{i} =$  the noise terms associated with each variable  $X_{i}$

The  $\beta_{ij}$ 's are called the factor loadings or factor sensitivities; they express the influence of the  $j$ -th factor on the  $i$ -th variable.

In this formulation, factor models are essentially static models, where the variables and the factors are random variables without any explicit dependence on time. It is possible to add a dynamic to both the variables and the factors, but that is beyond the scope of our basic introduction in this entry.

As mentioned above, one of the key objectives of factor models is to reduce the dimensionality of the covariance matrix so that the covariances between the variables  $X_{i}$  are determined only by the covariances between factors. Suppose that the noise terms are mutually uncorrelated, so that

$$
E (\varepsilon_ {i} \varepsilon_ {j}) = \left\{ \begin{array}{l l} 0, & i \neq j \\ \sigma_ {i} ^ {2}, & i \neq j \end{array} \right.
$$ and that the noise terms are uncorrelated with the factors, that is,  $E(\varepsilon_{ij}f_j) = 0$ ,  $\forall i,j$ . Suppose also that both factors and noise terms have a zero mean, so that  $E(X_i) = \alpha_i$ . Factor models that respect the above constraints are called strict factor models.


Let's compute the covariances of a strict factor model:

$$
\begin{array}{l} E \left(\left(X _ {i} - \alpha_ {i}\right) \left(X _ {j} - \alpha_ {j}\right)\right) \\ = E \left(\left(\sum_ {s = 1} ^ {K} \beta_ {i s} f _ {s} + \varepsilon_ {i}\right) \left(\sum_ {t = 1} ^ {K} \beta_ {j t} f _ {t} + \varepsilon_ {j}\right)\right) \\ = E \left(\left(\sum_ {s = 1} ^ {K} \beta_ {i s} f _ {s}\right) \left(\sum_ {t = 1} ^ {K} \beta_ {j t} f _ {t}\right)\right) + E \left(\left(\sum_ {s = 1} ^ {K} \beta_ {i s} f _ {s}\right) (\varepsilon_ {j})\right) \\ + E \left(\left(\varepsilon_ {i}\right) \sum_ {t = 1} ^ {K} \beta_ {j t} f _ {t}\right) + E \left(\varepsilon_ {i} \varepsilon_ {j}\right) \\ = \sum_ {s, t} \beta_ {i s} E \left(f _ {s} f _ {t}\right) \beta_ {j t} + \mathrm {E} \left(\varepsilon_ {i} \varepsilon_ {j}\right) \\ \end{array}
$$

From this expression we can see that the variances and covariances between the variables  $X_{i}$  depend only on the covariances between the factors and the variances of the noise term.

We can express the above compactly in matrix form. Let's write a factor model in matrix form as follows:


$$
X = \alpha + \beta f + \varepsilon
$$ where


$\mathbf{X} = (X_{1},\ldots ,X_{N})^{\prime}$  is the  $N$  -vector of variables

$\alpha = (\alpha_{1},\dots ,\alpha_{N})^{\prime} =$  the  $N$  -vector of means

$\varepsilon = (\varepsilon_{1},\dots ,\varepsilon_{N})^{\prime} =$  the  $N$  -vector of idiosyncratic noise terms

$\mathbf{f} = (f_{1},\dots ,f_{K})^{\prime}$  is the  $K$  -vector of factors

$$
\boldsymbol {\beta} = \left[ \begin{array}{c c c} \boldsymbol {\beta} _ {1 1} & \dots & \boldsymbol {\beta} _ {1 K} \\ \vdots & \ddots & \vdots \\ \boldsymbol {\beta} _ {N 1} & \dots & \boldsymbol {\beta} _ {N K} \end{array} \right]
$$

$= \mathrm{the}N\times K$  matrix of factor loadings.

Let's define the following:

$\Sigma =$  the  $N\times N$  variance-covariance matrix of the variables  $\mathbf{X}$

$\Omega =$  the  $K\times K$  variance-covariance matrix of the factors

$\Psi = N\times N$  variance-covariance matrix of the error terms  $\varepsilon$

If we assume that our model is a strict factor model, the matrix  $\Psi$  will be a diagonal matrix with the noise variances on the diagonal, that is,

$$
\Psi = \left( \begin{array}{c c c} {\psi_ {1} ^ {2}} & \dots & 0 \\ {\vdots} & \ddots & \vdots \\ {0} & \dots & {\psi_ {N} ^ {2}} \end{array} \right)
$$

Under the above assumptions, we can express the variance-covariance matrix of the variables in the following way:

$$
\Sigma = \beta \Omega \beta^ {\prime} + \Psi
$$

In practice, the assumption of a strict factor model might be too restrictive. In applied work, factor models will often be approximate factor models. (See, for example, Bai, 2003.) Approximate factor models allow idiosyncratic terms to be weakly correlated among themselves and with the factors.


As many different factor models have been proposed for explaining stock returns, an important question is whether a factor model is fully determined by the observed time series. In a strict factor model, factors are determined up to a nonsingular linear transformation. In fact, the above matrix notation makes it clear that the factors, which are hidden, nonobservable variables, are not fully determined by the above factor model. That is, an estimation procedure cannot univocally determine the hidden factors and the factor loadings from the observable variables  $\mathbf{X}$ . In fact, suppose that we multiply the factors by any nonsingular matrix  $\mathbf{R}$ . We obtain other factors

$$
\mathbf {g} = \mathbf {R f}
$$ with a covariance matrix


$$
\boldsymbol {\Omega} _ {\mathrm {g}} = \mathbf {R} \boldsymbol {\Omega} \mathbf {R} ^ {- 1}
$$ and we can write a new factor model:


$$
\begin{array}{l} \mathbf {X} = \alpha + \beta \mathbf {f} + \varepsilon = \alpha + \beta \mathbf {R} ^ {- 1} \mathbf {R} \mathbf {f} \\ + \varepsilon = \alpha + \beta_ {g} g + \varepsilon \\ \end{array}
$$

In order to solve this indeterminacy, we can always choose the matrix  $\mathbf{R}$  so that the factors  $\mathbf{g}$  are a set of orthonormal variables, that is, uncorrelated variables (the orthogonality condition) with unit variance (the normality condition). In order to make the model uniquely identifiable, we can stipulate that factors must be a set of orthonormal variables and that, in addition, the matrix of factor loadings is diagonal. Under this additional assumption, a strict factor model is called a normal factor model. Note explicitly that under this assumption, factors are simply a set of standardized independent variables. The model is still undetermined under rotation, that is multiplication by any nonsingular matrix such that  $\mathbf{RR}' = \mathbf{I}$ .

In summary, a set of variables has a normal factor representation if it is represented by the following factor model:

$$
\mathbf {X} = \alpha + \beta \mathbf {f} + \varepsilon
$$ where factors are orthonormal variables and noise terms are such that the covariance matrix can be represented as follows:


$$
\Sigma = \beta \beta^ {\prime} + \Psi
$$ where  $\beta$  is the diagonal matrix of factor loadings and  $\Psi$  is a diagonal matrix.


How can we explain the variety of factor models proposed given that a strict factor model could be uniquely identified up to a factor linear transformation? As mentioned, the assumptions underlying strict factor models are often too restrictive and approximate factor models have to be adopted. Approximate factor models are uniquely identifiable only in the limit of an infinite number of series. The level of approximation is implicit in practical models of returns.

# Types of Factors and Their Estimation

In financial econometrics, the factors used in factor models can belong to three different categories: macroeconomic factors, fundamental factors, and statistical factors. The first two are factor models that deal with known factors and will not be discussed here.

Note that factors defined through statistical analysis are linear combinations of the variables. That is, if the variables are asset returns, factors are portfolios of assets. They are hidden variables insofar as one does not know the weights of the linear combinations. However, once the estimation process is completed, statistical factors are always linear combinations of variables. If data have a strict factor structure, we can always construct linear combinations of the series (e.g., portfolios of returns) that are perfectly correlated with a set of factors. Often they can be given important economic interpretations. In the following sections we describe the theory and estimation methods of principal components analysis and factor analysis.

# PRINCIPAL COMPONENTS ANALYSIS

Principal components analysis (PCA) was introduced by Harold Hotelling (1933). Hotelling proposed PCA as a way to determine factors with statistical learning techniques when factors are not exogenously given. Given a variance-covariance matrix, one can determine factors using the technique of PCA.

PCA implements a dimensionality reduction of a set of observations. The concept of PCA is the following. Consider a set of  $n$  stationary time series  $X_{i}$ , for example the 500 series of returns of the S&P 500. Consider next a linear combination of these series, that is, a portfolio of securities. Each portfolio  $P$  is identified by an  $n$ -vector of weights  $\omega_{P}$  and is characterized by a variance  $\sigma_{p}^{2}$ . In general, the variance  $\sigma_{p}^{2}$  depends on the portfolio's weights  $\omega_{P}$ . Lastly, consider a normalized portfolio, which has the largest possible variance. In this context, a normalized portfolio is a portfolio such that the squares of the weights sum to one.

If we assume that returns are IID sequences, jointly normally distributed with variance-covariance matrix  $\sigma$ , a lengthy direct calculation demonstrates that each portfolio's return will be normally distributed with variance

$$
\sigma_ {p} ^ {2} = \boldsymbol {\omega} _ {P} ^ {T} \boldsymbol {\sigma} \boldsymbol {\omega} _ {P}
$$

The normalized portfolio of maximum variance can therefore be determined in the following way:

$$
\text {M a x i m i z e} \omega_ {P} ^ {T} \sigma \omega_ {P}
$$ subject to the normalization condition


$$
\pmb {\omega} _ {P} ^ {T} \pmb {\omega} _ {\mathbf {P}} = 1
$$ where the product is a scalar product. It can be demonstrated that the solution of this problem is the eigenvector  $\omega_{1}$  corresponding to the largest eigenvalue  $\lambda_{1}$  of the variance-covariance matrix  $\sigma$ . As  $\sigma$  is a variance-covariance matrix, the eigenvalues are all real.


Consider next the set of all normalized portfolios orthogonal to  $\omega_{1}$ , that is, portfolios com pletely uncorrelated with  $\omega_{1}$ . These portfolios are identified by the following relationship:


$$
\boldsymbol {\omega} _ {1} ^ {T} \boldsymbol {\omega} _ {P} = \boldsymbol {\omega} _ {P} ^ {T} \boldsymbol {\omega} _ {1} = 0
$$

We can repeat the previous reasoning. Among this set, the portfolio of maximum variance is given by the eigenvector  $\omega_{2}$  corresponding to the second largest eigenvalue  $\lambda_{2}$  of the variance-covariance matrix  $\sigma$ . If there are  $n$  distinct eigenvalues, we can repeat this process  $n$  times. In this way, we determine the  $n$  portfolios  $P_{i}$  of maximum variance. The weights of these portfolios are the orthonormal eigenvectors of the variance-covariance matrix  $\sigma$ . Note that each portfolio is a time series that is a linear combination of the original time series  $X_{i}$ . The coefficients are the portfolios' weights.

These portfolios of maximum variance are all mutually uncorrelated. It can be demonstrated that we can recover all the original return time series as linear combinations of these portfolios:

$$
X _ {j} = \sum_ {i = 1} ^ {n} \alpha_ {j, i} P _ {i}
$$

Thus far we have succeeded in replacing the original  $n$  correlated time series  $X_{j}$  with  $n$  uncorrelated time series  $P_{i}$  with the additional insight that each  $X_{j}$  is a linear combination of the  $P_{i}$ . Suppose now that only  $p$  of the portfolios  $P_{i}$  have a significant variance, while the remaining  $n - p$  have very small variances. We can then implement a dimensionality reduction by choosing only those portfolios whose variance is significantly different from zero. Let's call these portfolios factors  $F$ .

It is clear that we can approximately represent each series  $X_{i}$  as a linear combination of the factors plus a small uncorrelated noise. In fact we can write

$$
X _ {j} = \sum_ {i = 1} ^ {p} \alpha_ {j, i} F _ {i} + \sum_ {i = p + 1} ^ {n} \alpha_ {j, i} P _ {i} = \sum_ {i = 1} ^ {p} \alpha_ {j, i} F _ {i} + \varepsilon_ {j}
$$ where the last term is a noise term. Therefore to implement PCA one computes the eigenvalues and the eigenvectors of the variance-covariance matrix and chooses the eigenvalues


significantly different from zero. The corresponding eigenvectors are the weights of portfolios that form the factors. Criteria of choice are somewhat arbitrary.

Suppose, however, that there is a strict factor structure, which means that returns follow a strict factor model as defined earlier in this entry:

$$
\mathrm {r} = \mathrm {a} + \beta \mathbf {f} + \varepsilon
$$

The matrix  $\beta$  can be obtained diagonalizing the variance-covariance matrix. In general, the structure of factors will not be strict and one will try to find an approximation by choosing only the largest eigenvalues.

Note that PCA works either on the variance-covariance matrix or on the correlation matrix. The technique is the same but results are generally different. PCA applied to the variance-covariance matrix is sensitive to the units of measurement, which determine variances and covariances. This observation does not apply to returns, which are dimensionless quantities. However, if PCA is applied to prices and not to returns, the currency in which prices are expressed matters; one obtains different results in different currencies. In these cases, it might be preferable to work with the correlation matrix.

We have described PCA in the case of time series, which is the relevant case in econometrics. However, PCA is a generalized dimensionality reduction technique applicable to any set of multidimensional observations. It admits a simple geometrical interpretation, which can be easily visualized in the three-dimensional case. Suppose a cloud of points in the three-dimensional Euclidean space is given. PCA finds the planes that cut the cloud of points in such a way as to obtain the maximum variance.

# Illustration of Principal Components Analysis

Let's now show how PCA is performed. To do so, we used monthly observations for the following 10 stocks: Campbell Soup, General

Dynamics, Sun Microsystems, Hilton, Martin Marietta, Coca-Cola, Northrop Grumman, Mercury Interactive, Amazon.com, and United Technologies for the period from December 2000 to November 2005. Figure 1 shows the graphics of the 10 return processes.

As explained earlier, performing PCA is equivalent to determining the eigenvalues and eigenvectors of the covariance matrix or of the correlation matrix. The two matrices yield different results. We perform both exercises, estimating the principal components using separately the covariance and the correlation matrices of the return processes. We estimate the covariance with the empirical covariance matrix. Recall that the empirical covariance  $\sigma_{ij}$  between variables  $(X_i,X_j)$  is defined as follows:

$$
\hat {\sigma} _ {i j} = \frac {1}{T} \sum_ {t = 1} ^ {T} (X _ {i} (t) - \bar {X} _ {t}) (X _ {j} (t) - \bar {X} _ {j})
$$

$$
\bar {X} _ {i} = \frac {1}{T} \sum_ {t = 1} ^ {T} X _ {i} (t), \bar {X} _ {j} = \frac {1}{T} \sum_ {t = 1} ^ {T} X _ {j} (t)
$$

Table 1 shows the covariance matrix.

Normalizing the covariance matrix with the standard deviations, we obtain the correlation matrix. Table 2 shows the correlation matrix. Note that the diagonal elements of the correlation matrix are all equal to one. In addition, a number of entries in the covariance matrix are close to zero. Normalization by the product of standard deviations makes the same elements larger.

Let's now proceed to perform PCA using the covariance matrix. We have to compute the eigenvalues and the eigenvectors of the covariance matrix. Table 3 shows the eigenvectors (panel A) and the eigenvalues (panel B) of the covariance matrix.

Each column of panel A of Table 3 represents an eigenvector. The corresponding eigenvalue is shown in panel B. Eigenvalues are listed in descending order; the corresponding eigenvectors go from left to right in the matrix of eigenvectors. Thus the leftmost eigenvector corresponds to the largest eigenvalue. Eigenvectors are not uniquely determined. In fact, multiplying any eigenvector for a real constant yields another eigenvector. The eigenvectors in Table 3 are normalized in the sense that the sum of the squares of each component is equal to 1. It can be easily checked that the sum of the squares of the elements in each column is equal to 1. This still leaves an indeterminacy, as we can change the

![](https://cdn-mineru.openxlab.org.cn/result/2025-11-29/cfb463a1-2282-4dad-842c-22b6b264a8a9/4a9a62b91744655d7dc8f8191728dc647f0b3126f5d1fba38e0accd325f70258.jpg)
Figure 1 Graphics of the 10 Stock Return Processes


sign of the eigenvector without affecting this normalization.

As explained earlier, if we form portfolios whose weights are the eigenvectors, we can form 10 portfolios that are orthogonal (i.e., uncorrelated). These orthogonal portfolios are called principal components. The variance of each principal component will be equal to the corresponding eigenvector. Thus the first principal

Table 1 The Covariance Matrix of 10 Stock Returns

<table><tr><td></td><td>SUNW</td><td>AMZN</td><td>MERQ</td><td>GD</td><td>NOC</td><td>CPB</td><td>KO</td><td>MLM</td><td>HLT</td><td>UTX</td></tr><tr><td>SUNW</td><td>0.02922</td><td>0.017373</td><td>0.020874</td><td>3.38E-05</td><td>-0.00256</td><td>-3.85E-05</td><td>0.000382</td><td>0.004252</td><td>0.006097</td><td>0.005467</td></tr><tr><td>AMZN</td><td>0.017373</td><td>0.032292</td><td>0.020262</td><td>5.03E-05</td><td>-0.00277</td><td>0.000304</td><td>0.001507</td><td>0.001502</td><td>0.010138</td><td>0.007483</td></tr><tr><td>MERQ</td><td>0.020874</td><td>0.020262</td><td>0.0355</td><td>-0.00027</td><td>-0.0035</td><td>-0.00011</td><td>0.003541</td><td>0.003878</td><td>0.007075</td><td>0.008557</td></tr><tr><td>GD</td><td>3.38E-05</td><td>5.03E-05</td><td>-0.00027</td><td>9.27E-05</td><td>0.000162</td><td>2.14E-05</td><td>-0.00015</td><td>3.03E-05</td><td>-4.03E-05</td><td>-3.32E-05</td></tr><tr><td>NOC</td><td>-0.00256</td><td>-0.00277</td><td>-0.0035</td><td>0.000162</td><td>0.010826</td><td>3.04E-05</td><td>-0.00097</td><td>0.000398</td><td>-0.00169</td><td>-0.00205</td></tr><tr><td>CPB</td><td>-3.85E-05</td><td>0.000304</td><td>-0.00011</td><td>2.14E-05</td><td>3.04E-05</td><td>7.15E-05</td><td>2.48E-05</td><td>-7.96E-06</td><td>-9.96E-06</td><td>-4.62E-05</td></tr><tr><td>KO</td><td>0.000382</td><td>0.001507</td><td>0.003541</td><td>-0.00015</td><td>-0.00097</td><td>2.48E-05</td><td>0.004008</td><td>-9.49E-05</td><td>0.001485</td><td>0.000574</td></tr><tr><td>MLM</td><td>0.004252</td><td>0.001502</td><td>0.003878</td><td>3.03E-05</td><td>0.000398</td><td>-7.96E-06</td><td>-9.49E-05</td><td>0.004871</td><td>0.00079</td><td>0.000407</td></tr><tr><td>HLT</td><td>0.006097</td><td>0.010138</td><td>0.007075</td><td>-4.03E-05</td><td>-0.00169</td><td>-9.96E-06</td><td>0.001485</td><td>0.00079</td><td>0.009813</td><td>0.005378</td></tr><tr><td>UTX</td><td>0.005467</td><td>0.007483</td><td>0.008557</td><td>-3.32E-05</td><td>-0.00205</td><td>-4.62E-05</td><td>0.000574</td><td>0.000407</td><td>0.005378</td><td>0.015017</td></tr></table>

Note: Sun Microsystems (SUNW), Amazon.com (AMZN), Mercury Interactive (MERQ), General Dynamics (GD), Northrop Grumman (NOC), Campbell Soup (CPB), Coca-Cola (KO), Martin Marietta (MLM), Hilton (HLT), United Technologies (UTX).

Table 2 The Correlation Matrix of the Same 10 Return Processes

<table><tr><td></td><td>SUNW</td><td>AMZN</td><td>MERQ</td><td>GD</td><td>NOC</td><td>CPB</td><td>KO</td><td>MLM</td><td>HLT</td><td>UTX</td></tr><tr><td>SUNW</td><td>1</td><td>0.56558</td><td>0.64812</td><td>0.020565</td><td>-0.14407</td><td>-0.02667</td><td>0.035276</td><td>0.35642</td><td>0.36007</td><td>0.26097</td></tr><tr><td>AMZN</td><td>0.56558</td><td>1</td><td>0.59845</td><td>0.029105</td><td>-0.14815</td><td>0.20041</td><td>0.1325</td><td>0.11975</td><td>0.56951</td><td>0.33983</td></tr><tr><td>MERQ</td><td>0.64812</td><td>0.59845</td><td>1</td><td>-0.14638</td><td>-0.17869</td><td>-0.06865</td><td>0.29688</td><td>0.29489</td><td>0.37905</td><td>0.37061</td></tr><tr><td>GD</td><td>0.020565</td><td>0.029105</td><td>-0.14638</td><td>1</td><td>0.16217</td><td>0.26307</td><td>-0.24395</td><td>0.045072</td><td>-0.04227</td><td>-0.02817</td></tr><tr><td>NOC</td><td>-0.14407</td><td>-0.14815</td><td>-0.17869</td><td>0.16217</td><td>1</td><td>0.034519</td><td>-0.14731</td><td>0.054818</td><td>-0.16358</td><td>-0.16058</td></tr><tr><td>CPB</td><td>-0.02667</td><td>0.20041</td><td>-0.06865</td><td>0.26307</td><td>0.034519</td><td>1</td><td>0.046329</td><td>-0.01349</td><td>-0.0119</td><td>-0.04457</td></tr><tr><td>KO</td><td>0.035276</td><td>0.1325</td><td>0.29688</td><td>-0.24395</td><td>-0.14731</td><td>0.046329</td><td>1</td><td>-0.02147</td><td>0.23678</td><td>0.07393</td></tr><tr><td>MLM</td><td>0.35642</td><td>0.11975</td><td>0.29489</td><td>0.045072</td><td>0.054818</td><td>-0.01349</td><td>-0.02147</td><td>1</td><td>0.11433</td><td>0.047624</td></tr><tr><td>HLT</td><td>0.36007</td><td>0.56951</td><td>0.37905</td><td>-0.04227</td><td>-0.16358</td><td>-0.0119</td><td>0.23678</td><td>0.11433</td><td>1</td><td>0.44302</td></tr><tr><td>UTX</td><td>0.26097</td><td>0.33983</td><td>0.37061</td><td>-0.02817</td><td>-0.16058</td><td>-0.04457</td><td>0.07393</td><td>0.047624</td><td>0.44302</td><td>1</td></tr></table> component (i.e., the portfolio corresponding to the first eigenvalue), will have the maximum possible variance and the last principal component (i.e., the portfolio corresponding to the last eigenvalue) will have the smallest variance. Figure 2 shows the graphics of the principal components of maximum and minimum variance.

Note: Sun Microsystems (SUNW), Amazon.com (AMZN), Mercury Interactive (MERQ), General Dynamics (GD), Northrop Grumman (NOC), Campbell Soup (CPB), Coca-Cola (KO), Martin Marietta (MLM), Hilton (HLT), United Technologies (UTX).


The 10 principal components thus obtained are linear combinations of the original series,  $\mathbf{X} = (X_{1},\ldots ,X_{N})^{\prime}$  that is, they are obtained by multiplying  $\mathbf{X}$  by the matrix of the eigenvectors. If the eigenvalues and the corresponding eigenvectors are all distinct, as it is the case in our illustration, we can apply the inverse

Table 3 Eigenvectors and Eigenvalues of the Covariance Matrix

<table><tr><td colspan="11">Panel A: Eigenvectors</td></tr><tr><td></td><td>1</td><td>2</td><td>3</td><td>4</td><td>5</td><td>6</td><td>7</td><td>8</td><td>9</td><td>10</td></tr><tr><td>1</td><td>-0.50374</td><td>0.50099</td><td>0.28903</td><td>-0.59632</td><td>-0.01824</td><td>-0.01612</td><td>0.22069</td><td>-0.08226</td><td>0.002934</td><td>-0.00586</td></tr><tr><td>2</td><td>-0.54013</td><td>-0.53792</td><td>0.51672</td><td>0.22686</td><td>-0.06092</td><td>0.25933</td><td>-0.10967</td><td>-0.12947</td><td>0.020253</td><td>0.016624</td></tr><tr><td>3</td><td>-0.59441</td><td>0.32924</td><td>-0.4559</td><td>0.52998</td><td>0.051976</td><td>0.015346</td><td>0.010496</td><td>0.21483</td><td>-0.01809</td><td>-0.00551</td></tr><tr><td>4</td><td>0.001884</td><td>-0.00255</td><td>0.018107</td><td>-0.01185</td><td>0.013384</td><td>0.01246</td><td>-0.01398</td><td>0.01317</td><td>-0.86644</td><td>0.4981</td></tr><tr><td>5</td><td>0.083882</td><td>0.10993</td><td>0.28331</td><td>0.19031</td><td>0.91542</td><td>-0.06618</td><td>0.14532</td><td>-0.02762</td><td>0.011349</td><td>-0.00392</td></tr><tr><td>6</td><td>-0.00085</td><td>-0.01196</td><td>0.016896</td><td>0.006252</td><td>-0.00157</td><td>0.01185</td><td>-0.00607</td><td>-0.02791</td><td>-0.49795</td><td>-0.86638</td></tr><tr><td>7</td><td>-0.0486</td><td>-0.02839</td><td>-0.1413</td><td>0.19412</td><td>-0.08989</td><td>-0.35435</td><td>0.31808</td><td>-0.8387</td><td>-0.01425</td><td>0.027386</td></tr><tr><td>8</td><td>-0.07443</td><td>0.19009</td><td>0.013485</td><td>-0.06363</td><td>0.11133</td><td>-0.22666</td><td>-0.90181</td><td>-0.27739</td><td>0.010908</td><td>0.002932</td></tr><tr><td>9</td><td>-0.20647</td><td>-0.36078</td><td>-0.01067</td><td>-0.1424</td><td>0.038221</td><td>-0.82197</td><td>0.052533</td><td>0.35591</td><td>-0.01155</td><td>-0.01256</td></tr><tr><td>10</td><td>-0.20883</td><td>-0.41462</td><td>-0.5835</td><td>-0.46223</td><td>0.3649</td><td>0.27388</td><td>-0.02487</td><td>-0.14688</td><td>0.001641</td><td>-0.00174</td></tr><tr><td colspan="11">Panel B: Eigenvalues</td></tr><tr><td>1</td><td>0.0783</td><td></td><td></td><td></td><td></td><td></td><td></td><td></td><td></td><td></td></tr><tr><td>2</td><td>0.0164</td><td></td><td></td><td></td><td></td><td></td><td></td><td></td><td></td><td></td></tr><tr><td>3</td><td>0.0136</td><td></td><td></td><td></td><td></td><td></td><td></td><td></td><td></td><td></td></tr><tr><td>4</td><td>0.0109</td><td></td><td></td><td></td><td></td><td></td><td></td><td></td><td></td><td></td></tr><tr><td>5</td><td>0.0101</td><td></td><td></td><td></td><td></td><td></td><td></td><td></td><td></td><td></td></tr><tr><td>6</td><td>0.0055</td><td></td><td></td><td></td><td></td><td></td><td></td><td></td><td></td><td></td></tr><tr><td>7</td><td>0.0039</td><td></td><td></td><td></td><td></td><td></td><td></td><td></td><td></td><td></td></tr><tr><td>8</td><td>0.0028</td><td></td><td></td><td></td><td></td><td></td><td></td><td></td><td></td><td></td></tr><tr><td>9</td><td>0.0001</td><td></td><td></td><td></td><td></td><td></td><td></td><td></td><td></td><td></td></tr><tr><td>10</td><td>0.0001</td><td></td><td></td><td></td><td></td><td></td><td></td><td></td><td></td><td></td></tr></table> transformation and recover the  $\mathbf{X}$  as linear combinations of the principal components.

![](https://cdn-mineru.openxlab.org.cn/result/2025-11-29/cfb463a1-2282-4dad-842c-22b6b264a8a9/85e82b67e3d06e907fcfa93913c7b5d6da7813b8b032cc06dbccc6f435a889e4.jpg)
Figure 2 Graphic of the Portfolios of Maximum and Minimum Variance Based on the Covariance Matrix


PCA is interesting if, in using only a small number of principal components, we nevertheless obtain a good approximation. That is, we use PCA to determine principal components but we use only those principal components that have a large variance as factors of a factor model. Stated otherwise, we regress the original series  $\mathbf{X}$  onto a small number of principal components. In this way, PCA implements a dimensionality reduction as it allows one to retain only a small number of components. By choosing as factors the components with the largest variance, we can explain a large portion of the total variance of  $\mathbf{X}$ .

Table 4 shows the total variance explained by a growing number of components. Thus the first component explains  $55.2784\%$  of the total variance, the first two components explain  $66.8507\%$  of the total variance, and so on. Obviously 10 components explain  $100\%$  of the total variance. The second, third, and fourth columns of Table 5 show the residuals of the Sun Microsystem return process with 1, 5, and all 10 components, respectively. There is a large gain from 1 to 5, while the gain from 5 to all 10 components is marginal.


Table 4 Percentage of the Total Variance Explained by a Growing Number of Components Based on the Covariance Matrix

<table><tr><td>Principal Component</td><td>Percentage of Total Variance Explained</td></tr><tr><td>1</td><td>55.2784\%</td></tr><tr><td>2</td><td>66.8508</td></tr><tr><td>3</td><td>76.4425</td></tr><tr><td>4</td><td>84.1345</td></tr><tr><td>5</td><td>91.2774</td></tr><tr><td>6</td><td>95.1818</td></tr><tr><td>7</td><td>97.9355</td></tr><tr><td>8</td><td>99.8982</td></tr><tr><td>9</td><td>99.9637</td></tr><tr><td>10</td><td>100.0000</td></tr></table>

Table 5 Residuals of the Sun Microsytem Return Process with 1, 5, and All Components Based on the Covariance Matrix and the Correlation Matrix

